"Description","ANOnto","AROnto","CBOOnto","CBOOnto2","CROnto","DITOnto","INROnto","LCOMOnto","NACOnto","NOCOnto","NOMOnto","POnto","PROnto","RFCOnto","RROnto","TMOnto","TMOnto2","WMCOnto","WMCOnto2"
"APO",0.567741935483871,0,1,1,0,9,1,2.44241316270567,1.0018315018315,8.37837837837838,0,0.493548387096774,0,1,1,0.00161550888529887,2,2.44688644688645,1.0018315018315
"HSAPDV",1.14634146341463,0,1.04065040650407,1.04065040650407,0,3,1.04065040650407,1.99606299212598,1.04526748971193,85.3333333333333,1.96341463414634,1.02845528455285,0.653585926928281,3.00406504065041,0.346414073071719,0.0448979591836735,2,2.08641975308642,1.04526748971193
"ENVO",0.412990052662376,0,1.36161497952019,1.36161497952019,0.000351082504388531,39,1.36161497952019,11.444232275754,1.41653605015674,3.38128451031677,0.312463428905793,1.35389116442364,0.186648025166026,1.67407840842598,0.813351974833974,0.256437265917603,2.39707895937928,45.7948667711599,4.00156739811912
"XAO",0.990903577926016,0,1.01334141904184,1.01334141904184,0,12,1.01334141904184,5.40381991814461,1.01387925052047,8.03365384615385,2.85748938750758,0.98483929654336,0.738210872630425,3.87083080654942,0.261789127369575,0.0139563106796117,2,5.49757113115892,1.01734906315059
"HP",0.481402483564646,0,1.46860482103725,1.46860482103725,0,28,1.46860482103725,11.2830375747799,1.4620126216917,3.64647417295415,0.571278305332359,0.51427319211103,0.280054429563847,2.03988312636961,0.719945570436153,0.0924205236091632,2.22352197281062,328.472677461964,29.1120786654273
"OBIB",1.03525046382189,7.30612244897959,1.01113172541744,1.01113172541744,0.137291280148423,17,1.01113172541744,6.86188679245283,1.00928792569659,5.03076923076923,0.784786641929499,1.01669758812616,0.43698347107438,1.79591836734694,0.56301652892562,0.0173267326732673,2,7.03715170278638,1.02554179566563
"MIAPA",0.199052132701422,0.0568720379146919,1.11848341232227,1.11848341232227,0.0521327014218009,7,1.11848341232227,3.62433862433862,1.13475177304965,3.37142857142857,0.23696682464455,0.18957345971564,0.174825174825175,1.35545023696682,0.825174825174825,0.0142857142857143,2,4.85815602836879,1.34042553191489
"PATO",0.996704503844746,3.85536433540828,1.11790552911022,1.11790552911022,0,12,1.11790552911022,4.2256464753808,1.12405848471422,6.44092827004219,0.139875503478579,1.11790552911022,0.111208151382824,1.2577810325888,0.888791848617176,0.112820512820513,2.0487012987013,5.28533451484271,1.25077536552946
"BFO",0.972222222222222,0,0.972222222222222,0.972222222222222,0,7,0.972222222222222,4.90476190476191,1,2.33333333333333,0,0.944444444444444,0,0.972222222222222,1,0,0,4.90476190476191,1
"OHD",1.03714493809177,6.30262199563001,1.43590677348871,1.43590677348871,0.0298616168973052,21,1.43590677348871,11.700403601366,1.66646670665867,3.65430954587581,0.903860160233066,1.50910415149308,0.386303501945525,2.33976693372178,0.613696498054475,0.449908925318761,2.13441295546559,22.6076784643071,1.93221355728854
"OPL",1.26315789473684,2.5595567867036,1.23545706371191,1.23545706371191,0.0415512465373961,12,1.23545706371191,7.89808917197452,1.31818181818182,2.73619631901841,1.04709141274238,1.23545706371191,0.45873786407767,2.28254847645429,0.54126213592233,0.238888888888889,2,12.5252525252525,1.58585858585859
"BSPO",1.14285714285714,1.02721088435374,1.31292517006803,1.31292517006803,0,8,1.31292517006803,6.04790419161677,1.27722772277228,4.19565217391304,2.63945578231292,1.31292517006803,0.667814113597246,3.95238095238095,0.332185886402754,0.23972602739726,2.34285714285714,10,1.65346534653465
"FBCV",1.05951742627346,0.405361930294906,1.26166219839142,1.26166219839142,0,23,1.26166219839142,12.0951751487112,1.21422222222222,3.17972972972973,0.631635388739946,1.16139410187668,0.333616539224016,1.89329758713137,0.666383460775984,0.22049356223176,2.18978102189781,48.8,4.03466666666667
"MPATH",1.12247191011236,0,1.1123595505618,1.1123595505618,0,10,1.1123595505618,5.53181272509004,1.13095238095238,4.54128440366972,0.00674157303370787,1.05280898876405,0.00602409638554217,1.11910112359551,0.993975903614458,0.102362204724409,2.10989010989011,6.85714285714286,1.23958333333333
"OHMI",1.07342657342657,7.14918414918415,1.01981351981352,1.01981351981352,0.013986013986014,20,1.01981351981352,10.9404761904762,1.02230483271375,2.734375,3.84265734265734,1.02097902097902,0.790268456375839,4.86247086247086,0.209731543624161,0.0221703617269545,2.05263157894737,15.3736059479554,1.40520446096654
"MA",0.991405770411295,0,1.04174340085942,1.04174340085942,0,11,1.04174340085942,2.83810497614179,1.03638409602401,5.73310810810811,0.606813996316759,0.653161448741559,0.368087879352076,1.64855739717618,0.631912120647924,0.0380718452563709,2.10483870967742,3.12340585146287,1.10052513128282
"ZFA",1.00720325712496,0,1.03037895396179,1.03037895396179,0,13,1.03037895396179,6.58853431234115,1.02613176297387,6.91176470588235,2.74569370497964,0.990604447228312,0.72712946835863,3.77607265894143,0.27287053164137,0.0297619047619048,2.03157894736842,8.58667648141332,1.30327567169672
"IDO",1.16955684007707,3.14450867052023,1.00578034682081,1.00578034682081,0.0385356454720617,11,1.00578034682081,4.55952380952381,1.00487804878049,4.78899082568807,0.791907514450867,1.00578034682081,0.440514469453376,1.79768786127168,0.559485530546624,0.00772200772200772,2,4.67073170731707,1.02439024390244
"NCRO",0.00257179597085298,0.958208315473639,2.49399914273468,2.49399914273468,0,15,2.49399914273468,10.4189597170706,2.63254655438264,25.8312985571587,0.005679382768967,0.00300042863266181,0.00227204526943027,2.49967852550364,0.99772795473057,0,0,28.6530660657099,2.75008895741905
"MF",0.0167130919220056,0,1.09470752089136,1.09470752089136,0,9,1.09470752089136,7.1063829787234,1.13215859030837,2.97727272727273,0.00835654596100279,0.0417827298050139,0.00757575757575758,1.10306406685237,0.992424242424242,0,0,5.88546255506608,0.828193832599119
"MMUSDV",1.3859649122807,0,0.991228070175439,0.991228070175439,0,3,0.991228070175439,1.96428571428571,1,56.5,1.78070175438596,0.947368421052632,0.642405063291139,2.7719298245614,0.357594936708861,0,0,1.96428571428571,1
"MI",1.01237785016287,0,1.09250814332248,1.09250814332248,0,11,1.09250814332248,3.97167138810198,1.10192147034252,4.96153846153846,0.0286644951140065,0.958306188925081,0.0255665310865776,1.12117263843648,0.974433468913422,0.0795306388526728,2.17213114754098,4.68504594820384,1.1796157059315
"MFOEM",0.387826086956522,0,1.06608695652174,1.06608695652174,0,11,1.06608695652174,7.87927107061503,1.08291457286432,3.46327683615819,0.147826086956522,0.370434782608696,0.121776504297994,1.21391304347826,0.878223495702006,0.00174216027874564,2,8.69095477386935,1.10301507537688
"CVDO",0.579150579150579,0,1.23166023166023,1.23166023166023,0,15,1.22779922779923,8.32624113475177,1.21084337349398,3.41935483870968,1.02702702702703,0.461389961389961,0.455479452054795,2.25868725868726,0.544520547945205,0,0,14.144578313253,1.69879518072289
"OMIABIS",1.10070257611241,5.21779859484777,1.67915690866511,1.67915690866511,0.0351288056206089,17,1.02576112412178,6.83601286173633,1.03225806451613,2.95945945945946,1.96252927400468,1.01639344262295,0.656739811912226,3.64168618266979,0.343260188087774,0.0258215962441315,2.18181818181818,7.62007168458781,1.11469534050179
"FBBI",0.993610223642173,0.325878594249201,1.00319488817891,1.00319488817891,0,11,1.00319488817891,5.85714285714286,1.0039603960396,5.1900826446281,0.118210862619808,0.829073482428115,0.105413105413105,1.12140575079872,0.894586894586895,0.0048,2,5.92673267326733,1.01188118811881
"CMO",1.00285204991087,0,1.23244206773619,1.23244206773619,0,15,1.23244206773619,7.99265700483092,1.2108649035025,2.45874822190612,0.0035650623885918,1.21996434937611,0.00288433804441881,1.23600713012478,0.997115661955581,0.218259629101284,2.06699346405229,29.5654038598999,3.69907076483202
"EHDAA2",0.99890310786106,0,1.13126142595978,1.13126142595978,0,13,1.13126142595978,7.00197963800905,1.13509316770186,19.4591194968553,3.76416819012797,1.127239488117,0.768914780790201,4.89542961608775,0.231085219209799,0.128383321141185,2.02564102564103,9.61141304347826,1.37267080745342
"MS",0.510523657181344,0,1.1006903519111,1.1006903519111,0,12,1.1006903519111,4.04504056963073,1.10790364324109,7.13646288209607,0.0767806027950833,0.485098501431217,0.0652080652080652,1.17747095470618,0.934791934791935,0.0313236780060626,2.37634408602151,4.86322914592873,1.20226956002389
"HOM",1.26865671641791,0,1.14925373134328,1.14925373134328,0,7,1.14925373134328,4.72,1.23684210526316,2.6551724137931,0,1.11940298507463,0,1.14925373134328,1,0.166666666666667,2,6.21052631578947,1.31578947368421
"OBCS",1.00246913580247,5.13086419753086,1.04444444444444,1.04444444444444,0.0308641975308642,13,1.04444444444444,7.9969040247678,1.05102040816327,3.81081081081081,0.941975308641975,1.05432098765432,0.474207582349285,1.98641975308642,0.525792417650715,0.0519159456118665,2.07142857142857,8.78571428571429,1.09863945578231
"CIO",1.2,1.37777777777778,0.977777777777778,0.977777777777778,0,7,0.977777777777778,4.44444444444444,1,2.44444444444444,2.28888888888889,0.933333333333333,0.700680272108844,3.26666666666667,0.299319727891156,0,0,4.44444444444444,1
"DIDEO",0.756888168557536,1.34359805510535,1,1,0.00162074554294976,20,1,7.26184538653367,1.0025,2.84331797235023,1.02431118314425,0.645056726094003,0.506004803843074,2.02431118314425,0.493995196156926,0,0,7.28,1.0025
"AEO",0.99203187250996,0,1.06772908366534,1.06772908366534,0,13,1.06772908366534,6.20320855614973,1.08917197452229,2.85106382978723,0.446215139442231,1.05577689243028,0.294736842105263,1.51394422310757,0.705263157894737,0.068,2.05882352941176,7.38853503184713,1.19108280254777
"HANCESTRO",0.998263888888889,0,1.05381944444444,1.05381944444444,0,6,1.05381944444444,2.625,1.05882352941176,18.96875,0,1.05381944444444,0,1.05381944444444,1,0.048695652173913,2.14285714285714,2.77941176470588,1.05882352941176
"MPIO",0.760869565217391,0,0.978260869565217,0.978260869565217,0,6,0.978260869565217,3.51724137931034,1,2.64705882352941,1.10869565217391,0.565217391304348,0.53125,2.08695652173913,0.46875,0,0,3.51724137931034,1
"FBBT",1.07891699955615,3.24003550821127,1.35579227696405,1.35579227696405,0,17,1.35579227696405,10.1953611967719,1.3360824742268,6.02485207100592,2.25938748335553,1.28859298712827,0.624972375690608,3.61517976031957,0.375027624309392,0.292702414772727,2.21595389748256,35.598510882016,3.49163802978236
"MMO",1.01479289940828,0,1.13461538461538,1.13461538461538,0,11,1.13461538461538,6.31448763250883,1.155672823219,2.58249158249158,0.0014792899408284,1.12869822485207,0.00130208333333333,1.13609467455621,0.998697916666667,0.128888888888889,2.05747126436782,9.43007915567282,1.4934036939314
"GEO",0.742574257425743,0.693069306930693,1,1,0.0396039603960396,10,1,5.95081967213115,1,2.46341463414634,0.891089108910891,0.514851485148515,0.471204188481675,1.89108910891089,0.528795811518325,0,0,6.05,1.01666666666667
"OAE",1.04173354735152,5.56589976814696,1.12502229356162,1.12502229356162,0.000713393971820938,19,1.12502229356162,10.0300051733057,1.11384918679152,4.07230471271788,0.997681469591582,1.10576065632245,0.470005041169551,2.1227037631532,0.529994958830449,0.0772386728505173,2.3810623556582,14.3331690487925,1.42902907836373
"FYPO",1.05876660508489,3.35339139614674,1.52626022697282,1.52626022697282,0,25,1.52626022697282,10.2989387361312,1.47835607209028,3.19502762430939,2.47549925222134,1.50039588281869,0.618602708406613,4.00175947919416,0.381397291593387,0.421960232271687,2.24749791492911,395.564594913256,38.4082870136433
"MFOMD",0,0,1.04391468005019,1.04391468005019,0,5,1.04391468005019,3.5,1.05217391304348,3.74774774774775,0.013801756587202,0.00752823086574655,0.0130486358244365,1.05771643663739,0.986951364175564,0,0,0.0852173913043478,0.0243478260869565
"OMP",1.00091157702826,0.42661804922516,1.20464904284412,1.20464904284412,0,11,1.20464904284412,6.92280317547221,1.17715827338129,2.44269870609982,0.166818596171376,1.14721969006381,0.121635094715852,1.3714676390155,0.878364905284148,0.196078431372549,2.04651162790698,22.7419064748201,3.28507194244604
"IAO",0.977272727272727,2.99090909090909,0.995454545454545,0.995454545454545,0.104545454545455,9,0.995454545454545,5.80116959064327,1,4.46938775510204,1.69545454545455,0.995454545454545,0.630067567567568,2.69090909090909,0.369932432432432,0,0,5.80116959064327,1
"EMAPA",0.915879127289698,0,1.02170108505425,1.02170108505425,0,11,1.02170108505425,2.45114447452621,1.01690885072655,8.74825174825175,2.03301831758255,0.588962781472407,0.665533572683523,3.0547194026368,0.334466427316477,0.0203033838973162,2.07471264367816,2.63117569352708,1.07344782034346
"PCO",1.0327868852459,21.7377049180328,1.05327868852459,1.05327868852459,0.0819672131147541,37,1.05327868852459,7.61363636363636,1.06930693069307,1.7972027972028,10.7991803278689,1.04508196721311,0.911134163208852,11.8524590163934,0.088865836791148,0.0534979423868313,2.07692307692308,9.95049504950495,1.30693069306931
"ARO",0.999250187453137,0,1.04798800299925,1.04798800299925,0,10,1.04798800299925,6.63584702810628,1.01817132967984,7.85205992509363,0.876030992251937,1.04823794051487,0.455313068329436,1.92401899525119,0.544686931670564,0.04575,2.09836065573771,12.4620709547159,1.87799250072108
"GENO",1.24054054054054,1.27837837837838,1.04054054054054,1.04054054054054,0.00540540540540541,15,1.04054054054054,7.70206489675516,1.03862660944206,2.81021897810219,1.59459459459459,0.902702702702703,0.605128205128205,2.63513513513514,0.394871794871795,0.00542005420054201,2,11.206008583691,1.4549356223176
"CRO",0.0769230769230769,0,0.923076923076923,0.923076923076923,0,8,0.923076923076923,5.33333333333333,1,1.71428571428571,0,0.923076923076923,0,0.923076923076923,1,0,0,5.33333333333333,1
"DPO",1.10153256704981,1.44827586206897,1.34865900383142,1.34865900383142,0,17,1.34865900383142,6.65142857142857,1.40625,2.36241610738255,2.01340996168582,1.33333333333333,0.598860398860399,3.36206896551724,0.401139601139601,0.310940499040307,2.12962962962963,15.5892857142857,2.34375
"CEPH",0.236305732484076,0,1.1171974522293,1.1171974522293,0.0152866242038217,9,1.1171974522293,5.89941690962099,1.11726685133887,3.60164271047228,0.164331210191083,0.229936305732484,0.128230616302187,1.28152866242038,0.871769383697813,0.0191204588910134,2.23333333333333,3.73684210526316,0.63342566943675
"GENEPIO",0.0654140127388535,0.0825477707006369,1.07305732484076,1.07305732484076,0.000828025477707006,19,1.07305732484076,10.267632634864,1.05909204083326,4.61435223226513,0.0884713375796178,0.116369426751592,0.0761680193024786,1.16152866242038,0.923831980697521,0.00605134084973565,2.66315789473684,19.1138683708192,1.86156527512657
"DDANAT",1.04444444444444,0,0.992592592592593,0.992592592592593,0,5,0.992592592592593,3.72641509433962,1,4.62068965517241,1.65925925925926,0.955555555555556,0.625698324022346,2.65185185185185,0.374301675977654,0,0,3.72641509433962,1
"ECOCORE",0.0830013280212483,0,1.34528552456839,1.34528552456839,0,37,1.34528552456839,10.8738170347003,1.38567493112948,2.5974358974359,0.0278884462151394,1.34528552456839,0.0203094777562863,1.37317397078353,0.979690522243714,0.27375415282392,2.26456310679612,28.4876033057851,2.6198347107438
"INO",1.04672897196262,9.03115264797508,1.03426791277259,1.03426791277259,0.0124610591900312,13,1.03426791277259,7.92173913043478,1.03301886792453,3.04587155963303,1.38629283489097,1.00623052959502,0.572715572715573,2.42056074766355,0.427284427284427,0.0125,2.25,8.59433962264151,1.08490566037736
"MRO",1.00049554013875,0,1.21010901883053,1.21010901883053,0,10,1.21010901883053,6.78104409528637,1.24322538003966,4.83564356435644,1.23785926660059,1.22001982160555,0.505668016194332,2.44796828543112,0.494331983805668,0.219633118492811,2.00451467268623,8.84269662921348,1.30403172504957
"FOODON",0.0536024546227496,0.292706369450298,1.0763742560349,1.0763742560349,0,23,1.0763742560349,12.6258269981508,1.06480639448619,4.7283208834037,0.00358581937821153,0.0458023732948874,0.00332032587115766,1.07996007541311,0.996679674128842,0.0011090573012939,2.13333333333333,29.4117168429618,2.32948834537883
"OOSTT",0.616352201257862,0.965408805031447,1.00157232704403,1.00157232704403,0.00314465408805031,13,1.00157232704403,6.4040404040404,1.00405679513185,4.45454545454545,0.599056603773585,0.570754716981132,0.37426326129666,1.60062893081761,0.62573673870334,0,0,6.43002028397566,1.00405679513185
"OBA",0.450747838279972,0,1.61351951390512,1.61351951390512,0,19,1.61351951390512,9.61057613597464,1.68699542846027,4.04052670080468,1.94513905118018,1.61305211498014,0.546593334427844,3.5586585650853,0.453406665572156,0.508968740870581,2.20468373321088,62.8076062639821,6.53525921602957
"CDAO",0.951388888888889,4.20138888888889,1.0625,1.0625,0.0555555555555556,6,1.0625,3.15596330275229,1.1010101010101,3.4,2.89583333333333,0.847222222222222,0.731578947368421,3.95833333333333,0.268421052631579,0.034965034965035,2,3.47474747474747,1.1010101010101
"OBI",1.00853443201883,8.52884049440848,1.0503237198352,1.0503237198352,0.0882872277810477,18,1.0503237198352,7.87385554425229,1.05693542223921,4.56978233034571,1.31106533254856,1.0503237198352,0.555209371884347,2.36138905238376,0.444790628115653,0.0488666470415072,2.03614457831325,8.87275506304929,1.12686282002293
"CHMO",1.00977747808496,2.5664194200944,1.03202966958867,1.03202966958867,0,13,1.03202966958867,7.31516802906449,1.03363006923838,3.24258474576271,0.132164531355361,1.03034389750506,0.113524471474081,1.16419420094403,0.886475528525919,0.03035413153457,2.06666666666667,7.96636993076162,1.08902077151335
"OGMS",0.638461538461538,0,0.992307692307692,0.992307692307692,0,8,0.992307692307692,5.62637362637363,1,3.30769230769231,0,0.646153846153846,0,0.992307692307692,1,0,0,5.62637362637363,1
"DUO",0.112449799196787,0,0.995983935742972,0.995983935742972,0,9,0.995983935742972,5.89285714285714,1,4.67924528301887,0.0160642570281124,0.983935742971888,0.0158730158730159,1.01204819277108,0.984126984126984,0,0,5.89285714285714,1
"KISAO",0.11986301369863,0.647260273972603,1.39041095890411,1.39041095890411,0,5,1.39041095890411,3.60162601626016,1.35545023696682,5.01234567901235,0.102739726027397,0.0684931506849315,0.0688073394495413,1.49315068493151,0.931192660550459,0.00343642611683849,2,8.39810426540284,2.33175355450237
"CTENO",0.263888888888889,0,1.79938271604938,1.79938271604938,0,14,1.21604938271605,6.86934673366834,1.2037037037037,2.91851851851852,0.353395061728395,1.21604938271605,0.225172074729597,2.15277777777778,0.774827925270403,0.160741885625966,2.35576923076923,14.4656084656085,2.10582010582011
"CL",0.41711874623267,0,1.52034358047016,1.52034358047016,0,36,1.52034358047016,11.0606135520845,1.57739895518284,3.36412137379126,0.794002411091019,0.48869801084991,0.34307852584972,2.31434599156118,0.65692147415028,0.117407686510927,2.21694480102696,135.315369810283,12.2339840527908
"FBDV",1.74901960784314,0,1.08627450980392,1.08627450980392,0,9,1.08627450980392,4.24354243542435,1.02427184466019,5.6530612244898,1.8078431372549,1.05098039215686,0.624661246612466,2.89411764705882,0.375338753387534,0.0826771653543307,2.0952380952381,5.58252427184466,1.31553398058252
"OVAE",1.09832904884319,9.80912596401028,2.08868894601542,2.08868894601542,0.0141388174807198,19,1.46401028277635,10.4247787610619,1.67181069958848,3.90068493150685,2.36953727506427,1.44408740359897,0.618105616093881,4.45822622107969,0.381894383906119,0.426366559485531,2.06485671191554,21.8148148148148,2.09259259259259
"MOP",1.15346534653465,0,1.00550055005501,1.00550055005501,0,15,1.00550055005501,9.50688073394495,1.00414794331144,4.92059219380888,0.0478547854785479,1.0038503850385,0.0454308093994778,1.05335533553355,0.954569190600522,0.00577716643741403,2,10.0293812651227,1.0549602488766
"ECO",1.05588020452885,4.28889700511322,1.57669831994156,1.57669831994156,0.102994886778671,17,1.57669831994156,7.96420765027322,1.71907600596125,3.09240687679083,1.56902848794741,1.56647187728269,0.498780912574016,3.14572680788897,0.501219087425984,0.504932407745707,2.14327062228654,65.1616989567809,8.18181818181818
"DDPHENO",0.959821428571429,0,1.15089285714286,1.15089285714286,0,12,1.15089285714286,5.65409383624655,1.18193384223919,3.85928143712575,0,1.02410714285714,0,1.15089285714286,1,0.148346738159071,2.02409638554217,7.81933842239186,1.38295165394402
"FIX",0.995704467353952,0,1.39432989690722,1.39432989690722,0,17,1.39432989690722,10.531660692951,1.4457429048414,2.87256637168142,0.0730240549828179,1.37628865979381,0.0497658079625293,1.46735395189003,0.950234192037471,0.337919174548581,2.1704834605598,88.2971619365609,8.38397328881469
"ICO",1.04150943396226,3.38867924528302,1.02075471698113,1.02075471698113,0.0283018867924528,18,1.02075471698113,6.83211678832117,1.02122015915119,3.5359477124183,1.14716981132075,1.02264150943396,0.529155787641427,2.16792452830189,0.470844212358573,0.0283553875236295,2.06666666666667,7.44827586206897,1.09018567639257
"FAO",0.981132075471698,0,1.09433962264151,1.09433962264151,0,9,1.09433962264151,4.06172839506173,1.10294117647059,3.05263157894737,0.283018867924528,0.981132075471698,0.205479452054795,1.37735849056604,0.794520547945205,0.104761904761905,2,4.83823529411765,1.19117647058824
"BCGO",1.01453744493392,11.3185022026432,1.22466960352423,1.22466960352423,0.0202643171806167,20,1.22466960352423,11.3564326604399,1.1558533145275,3.26291079812207,0.928193832599119,1.25903083700441,0.431143851033354,2.15286343612335,0.568856148966646,0.205817540766858,2.26124197002141,26.5811001410437,2.34062059238364
"HAO",0.994475138121547,0,1.00947119179163,1.00947119179163,1.09076558800316,12,1.00947119179163,6.48562848562849,1.00954545454545,7.65868263473054,2.02880820836622,0.970007892659826,0.667749058319262,3.03827940015785,0.332250941680738,0.012238452427951,2,6.87181818181818,1.05954545454545
"OMRSE",0.535135135135135,0.562162162162162,1.02972972972973,1.02972972972973,0,13,1.02972972972973,6.47260273972603,1.01153846153846,3.46363636363636,0.624324324324324,0.391891891891892,0.377450980392157,1.65405405405405,0.622549019607843,0.002710027100271,2,7.26923076923077,1.12307692307692
"AGRO",1.0053412462908,21.1394658753709,1.17270029673591,1.17270029673591,0.168545994065282,37,1.17270029673591,9.07891332470893,1.15817409766454,2.65948855989233,2.50504451038576,1.17270029673591,0.681136033564628,3.67774480712166,0.318863966435372,0.152612826603325,2.13618677042802,14.9002123142251,1.6411889596603
"PO",1.32201697453819,0,1.06190713929106,1.06190713929106,0,12,1.06190713929106,5.66354593329432,1.06037991858887,4.02079395085066,0.54917623564653,0.886669995007489,0.340873876665634,1.61108337493759,0.659126123334366,0.0624375624375624,2,6.56648575305292,1.15943012211669
